2
21
21
21
21
22
21
21
21
21
21
21
21
21
21
22
22
21
21
21
21
21
21
21
22
21
21
21
22
21
21
22
21
22
22
21
21
21
21
21
22
21
21
22
21
21
21
22
22
22
21
21
20
21
21
21
20
21
21
21
21
21
21
21
22
21
21
21
21
21
21
21
21
21
21
21
21
22
21
21
22
22
21
22
21
21
20
21
21
21
21
21
21
21
21
21
21
22
21
21
20
21
22
21
22
21
21
21
21
21
21
22
22
21
21
21
21
21
21
21
22
21
21
21
22
21
21
22
22
21
21
21
22
21
21
21
21
21
21
21
21
21
21
20
21
22
21
21
22
21
22
21
20
21
21
21
21
21
21
21
21
21
21
21
21
22
21
21
21
21
21
21
21
22
22
22
21
20
21
21
21
21
21
21
21
21
21
21
21
21
21
21
21
21
21
21
20
21
21
21
21
21
22
21
21
21
21
21
22
21
22
23
21
21
22
23
21
23
21
21
21
22
23
21
21
22
21
47
14
42
13
18
19
29
14
16
20
21
21
22
29
32
26
31
16
15
17
18
23
21
20
22
22
21
22
21
22
22
22
22
21
22
28
20
20
20
25
20
21
16
18
19
20
21
19
21
21
22
21
21
21
19
21
23
20
22
25
23
13
22
20
21
20
21
20
20
57
26
17
19
20
20
19
22
20
21
20
21
22
21
22
22
22
20
21
21
19
22
293
21
20
17
20
20
20
23
25
21
30
16
18
17
19
20
22
19
22
20
21
20
21
20
19
22
19
25
25
21
18
17
19
19
21
23
20
19
20
22
21
30
19
34
18
23
15
19
19
20
20
21
20
20
23
22
21
22
16
22
22
22
21
30
23
19
16
18
20
22
22
22
22
21
20
21
22
22
20
21
21
21
21
22
20
22
21
21
20
22
21
21
20
20
22
21
21
20
22
22
22
22
21
21
21
21
21
20
21
21
22
21
21
21
20
21
21
21
21
20
21
21
20
21
20
21
22
21
21
20
21
20
21
21
21
21
21
21
21
21
